8 95.128014087677
9 88.00539183616638
8 86.15989756584167
10 110.27257800102234
8 114.05011367797852
9 92.79700446128845
10 116.64999651908875
10 67.32661747932434
9 98.69451999664307
8 91.23417901992798
8 75.89271879196167
9 67.76344633102417
8 62.485761404037476
8 109.61543607711792
8 91.93277931213379
5 68.31146335601807
14 53.88043189048767
13 79.26465511322021
10 58.35353493690491
8 97.05181360244751
10 73.94931054115295
10 74.31801295280457
8 58.87208271026611
9 100.39204573631287
10 108.4151451587677
13 69.68748688697815
12 69.68439483642578
16 81.05820846557617
8 121.36591148376465
8 62.13133406639099
10 78.66512370109558
14 101.36274600028992
10 85.67403030395508
8 55.32478332519531
13 105.82706785202026
8 57.63258171081543
10 89.40103435516357
10 83.09631109237671
10 66.21050524711609
16 78.46597480773926
9 120.02572059631348
20 88.46620798110962
10 74.34747076034546
13 74.70359230041504
10 90.3687641620636
8 97.45558500289917
20 77.795419216156
9 99.34258365631104
13 124.31697392463684
8 87.31621384620667
8 97.37900733947754
10 72.81116032600403
5 92.59408235549927
8 85.66629004478455
10 108.2322940826416
9 90.71355891227722
13 103.76747012138367
8 74.42020463943481
10 57.395273208618164
8 57.291993379592896
8 99.1502275466919
9 62.71551275253296
5 86.62836718559265
10 93.42705941200256
10 99.75801181793213
9 82.81725668907166
10 96.29161167144775
10 153.8098566532135
9 123.33334016799927
7 100.0798008441925
13 115.25400352478027
10 89.57257080078125
8 62.28234243392944
8 98.37136197090149
8 80.75635862350464
10 50.657196283340454
9 90.80455112457275
10 55.60893750190735
14 88.07961702346802
14 106.81896662712097
8 85.52391910552979
16 71.52112889289856
9 92.27586388587952
8 100.6989221572876
13 62.6229293346405
10 93.08482503890991
8 95.61047887802124
9 89.02707862854004
8 73.86736512184143
14 116.53477597236633
8 50.77135133743286
10 68.41692733764648
10 66.17429113388062
8 107.97864198684692
9 62.076390981674194
9 93.07854151725769
14 61.406615257263184
14 128.6219606399536
8 91.6365008354187
13 78.0957384109497