2 9.310364007949829
4 9.26263689994812
2 9.258003950119019
2 9.15256643295288
2 9.167980432510376
4 9.293921709060669
4 9.155732154846191
2 9.218159198760986
2 9.027825355529785
2 9.016440868377686
2 9.18265175819397
0 8.964707136154175
4 9.368735074996948
2 9.108200073242188
0 9.127208709716797
4 9.073513507843018
2 8.937398672103882
4 8.994722843170166
4 9.463763236999512
2 9.20198917388916
2 9.187898635864258
2 9.114901781082153
4 9.202868938446045
2 9.196765422821045
2 9.27166748046875
2 9.081634521484375
2 9.245213508605957
2 9.22721791267395
2 8.934644222259521
0 9.026214122772217
4 8.918705940246582
2 8.947985172271729
4 9.38636827468872
2 9.135328769683838
2 9.039672374725342
2 8.788959741592407
0 9.227044343948364
2 9.302288055419922
2 9.05473279953003
2 9.109280586242676
2 8.860702276229858
4 9.079401969909668
2 9.32908821105957
2 8.84937310218811
2 9.148752450942993
2 9.184361219406128
2 9.300082445144653
2 9.120475053787231
2 9.145445585250854
3 9.133070468902588
2 9.182740926742554
4 9.196109533309937
2 8.843197107315063
2 8.96004319190979
2 9.067030429840088
2 9.38696575164795
4 9.242529153823853
0 9.319373369216919
2 9.113180875778198
2 9.800316095352173
2 9.996141195297241
2 9.722127199172974
2 9.807255506515503
4 9.686384439468384
2 9.628446102142334
2 9.799482822418213
2 9.716721296310425
2 9.936921119689941
2 9.562554121017456
2 9.659465789794922
2 9.70677924156189
2 9.941439151763916
2 9.556032657623291
2 9.424511194229126
2 9.254698991775513
2 9.52885913848877
0 9.994445323944092
2 9.765105724334717
0 9.79393458366394
4 9.469951391220093
4 9.60921335220337
4 9.80249810218811
2 9.488068103790283
2 9.379140853881836
2 9.501988410949707
4 9.63813829421997
5 9.911468029022217
4 9.6965811252594
4 9.629374980926514
2 9.832283735275269
2 9.661398887634277
0 9.554380416870117
2 9.983576774597168
2 9.588135480880737
2 9.88630747795105
2 9.139754056930542
4 9.347474575042725
0 9.399771928787231
2 9.229904413223267
0 9.357320070266724