13 201.8788983821869
16 202.38431310653687
13 202.81740713119507
22 222.76592922210693
13 186.99655532836914
19 213.89515924453735
16 213.86058235168457
20 209.77352833747864
20 200.93120002746582
10 184.73545861244202
16 191.22884106636047
13 172.19441056251526
13 200.9182481765747
16 177.1770453453064
16 196.94585061073303
14 185.596586227417
16 210.90460300445557
10 196.33516645431519
13 196.30225801467896
10 201.37202644348145
16 188.87062239646912
16 182.91071462631226
13 184.82432579994202
13 185.14843940734863
16 201.30568838119507
20 197.77520060539246
14 197.99375319480896
16 170.973126411438
16 211.17114782333374
14 213.02947616577148
16 195.10602593421936
32 189.29361200332642
16 177.60080647468567
10 210.4116985797882
10 179.32118487358093
14 211.78734159469604
16 191.590313911438
20 193.5805127620697
16 188.18712043762207
20 194.94672083854675
13 199.72005772590637
18 201.27703380584717
20 199.6978542804718
18 179.25935220718384
20 217.34190034866333
16 178.11893391609192
16 193.37771344184875
13 198.0127420425415
20 201.3044948577881
13 202.8604655265808
16 184.26869225502014
16 211.00696539878845
10 181.23338770866394
18 218.80024218559265
13 212.15101671218872
13 209.27371454238892
13 212.08350682258606
15 215.31979775428772
10 218.09610414505005
14 203.20242881774902
16 247.00634789466858
13 194.0087296962738
18 241.0621964931488
16 199.67172574996948
9 222.55547761917114
28 212.63548874855042
16 220.10196232795715
13 208.81497192382812
13 240.12038230895996
16 256.9815683364868
16 195.58767795562744
9 220.43849658966064
20 248.3573865890503
16 256.68591022491455
13 234.77796339988708
20 225.392653465271
16 234.09089517593384
16 217.42459154129028
10 214.3974688053131
14 234.88318967819214
10 242.21463108062744
16 207.59756112098694
16 195.73420882225037
13 228.38686776161194
13 220.79236483573914
16 215.99671030044556
13 242.13149118423462
10 238.51848244667053
20 217.80112648010254
20 246.1979205608368
16 248.07943534851074
10 224.73681354522705
20 211.12234807014465
16 234.10736417770386
16 211.68585872650146
13 230.07830119132996
16 220.21232724189758
16 241.22033619880676
13 234.78410983085632
16 229.85949444770813