2 10.224185705184937
4 10.216566562652588
4 10.002640962600708
4 9.421306133270264
2 9.931580781936646
8 10.019312620162964
2 9.884172916412354
4 10.157048463821411
4 9.75900912284851
4 10.404489755630493
4 9.893375396728516
4 9.929811477661133
4 9.937261819839478
4 10.548906087875366
4 10.25964069366455
4 10.127327680587769
5 10.26896071434021
2 9.805280923843384
2 10.721921443939209
4 9.962544441223145
4 10.110147476196289
4 10.316235065460205
2 10.346572160720825
2 10.166775941848755
2 9.925333976745605
4 9.883643865585327
5 10.658328294754028
4 10.133373975753784
2 10.350849866867065
2 9.93705153465271
2 10.304385662078857
4 10.194619417190552
4 10.030924320220947
5 10.308912992477417
4 9.8224356174469
4 10.676753282546997
4 10.11959195137024
4 9.49165415763855
4 10.488902568817139
6 10.03181505203247
4 9.911348581314087
4 9.73599362373352
5 10.068701267242432
4 9.962750434875488
4 10.42079210281372
4 9.76347827911377
4 9.721426963806152
2 9.93640947341919
2 9.728280067443848
2 9.879881620407104
4 10.525578260421753
4 9.705242156982422
4 10.467478275299072
2 9.732358455657959
2 9.901276111602783
2 9.653809309005737
4 10.592903137207031
2 10.135417938232422
2 9.65906810760498
4 10.25908875465393
4 9.875690221786499
4 10.023391723632812
4 9.630398511886597
4 9.818723440170288
4 9.916875123977661
2 9.701104640960693
2 9.709930658340454
4 10.138624429702759
5 10.042430877685547
8 10.205286502838135
2 9.56845760345459
9 9.892498254776001
4 9.742253541946411
4 9.753568649291992
4 10.110342979431152
4 10.216079711914062
2 9.643202304840088
2 10.20828914642334
2 9.907130002975464
5 9.669091701507568
2 10.251112222671509
4 9.809554815292358
4 9.813612937927246
2 9.877447366714478
4 9.72834825515747
4 10.144239664077759
4 10.247072696685791
5 10.045626878738403
4 10.369478702545166
2 9.863471984863281
2 10.14498496055603
4 10.055233240127563
4 10.001051902770996
2 10.02161455154419
4 10.325480699539185
4 9.939862489700317
4 10.473764896392822
2 10.083218812942505
8 9.892309665679932
4 9.965705633163452