49 357.05951952934265
44 350.8272399902344
64 360.46505761146545
56 367.44932222366333
52 369.68609404563904
46 362.6620795726776
44 356.8739674091339
64 373.98054218292236
53 349.60719633102417
76 368.77050375938416
50 394.5782265663147
74 386.13835287094116
53 372.64967799186707
61 387.14064931869507
52 359.5496208667755
64 378.03681802749634
70 389.2539482116699
92 368.0698709487915
53 381.1133306026459
56 396.5495159626007
40 377.9015028476715
41 363.83716320991516
94 392.5092124938965
80 374.4151690006256
61 378.6089332103729
46 375.58985686302185
45 384.5949845314026
44 367.6130132675171
53 380.79282784461975
34 360.78021240234375
68 387.2558388710022
40 372.3492043018341
70 383.04542660713196
56 363.32522559165955
70 390.10867714881897
44 373.3328421115875
52 387.96247386932373
64 365.14336705207825
58 369.15514969825745
49 367.0418291091919
76 383.41277980804443
62 385.92099022865295
44 397.96725130081177
44 375.69717836380005
56 392.474161863327
52 394.9235906600952
52 380.5222101211548
64 370.5500662326813
44 377.96229887008667
77 377.818532705307
57 360.93341064453125
61 370.11615109443665
64 368.43842697143555
58 393.8029308319092
45 378.36546564102173
44 367.514812707901
44 368.1787714958191
58 355.3682255744934
50 356.89273595809937
36 356.08449268341064
57 346.6689832210541
64 366.41036915779114
73 355.9808657169342
62 361.8607563972473
44 352.6461443901062
34 357.5859818458557
50 358.93466114997864
56 337.7344431877136
52 364.94882678985596
58 310.80446696281433
52 345.16444659233093
80 340.5983440876007
64 328.6048114299774
49 340.24940395355225
64 342.56268405914307
38 343.9672791957855
44 338.76106548309326
64 325.2642469406128
85 341.4522988796234
53 303.3383266925812
49 333.9096188545227
43 341.0544362068176
53 312.52513885498047
52 356.42421317100525
56 358.0622365474701
45 330.26426935195923
80 333.6217305660248
50 313.13740158081055
45 319.8377058506012
58 330.8280475139618
41 321.44930696487427
49 310.9145724773407
52 316.26572942733765
41 316.1013524532318
61 336.25031089782715
61 339.2997281551361
56 339.4340012073517
44 324.66723346710205
52 335.8934121131897
68 349.3991765975952