2 8.7169668674469
2 8.601167917251587
2 8.662502765655518
0 8.491604566574097
0 8.679807186126709
0 8.523868799209595
2 8.509015321731567
2 8.562367916107178
2 8.736016988754272
2 8.591050624847412
0 8.414381504058838
2 8.519538879394531
2 8.683710098266602
0 8.675790071487427
0 8.621366500854492
2 8.41160798072815
2 8.610454797744751
0 8.421673059463501
2 8.62064528465271
2 8.614252090454102
2 8.6416175365448
2 8.684427738189697
0 8.691694259643555
2 8.54566502571106
0 8.520544290542603
0 8.720655918121338
0 8.535091876983643
0 8.548343420028687
0 8.738344192504883
2 8.482013940811157
0 8.360365390777588
0 8.680387735366821
0 8.538930654525757
0 8.394259214401245
0 8.534952640533447
2 8.412484884262085
0 8.45243239402771
0 8.600422382354736
0 8.623949527740479
2 8.627919435501099
0 8.931487321853638
0 8.823120355606079
0 8.393122673034668
2 8.60750126838684
2 8.62613296508789
0 8.768593788146973
0 8.597867012023926
2 8.798176050186157
0 8.489196300506592
2 8.636640310287476
0 8.436286449432373
4 8.598042249679565
0 8.402949333190918
0 8.351035833358765
2 8.649475336074829
0 8.336655855178833
0 8.579453468322754
0 8.566139936447144
0 8.484660625457764
0 8.457689046859741
0 8.466769456863403
2 8.633659601211548
0 8.40868353843689
2 8.403015375137329
2 8.384690523147583
2 8.246284008026123
0 8.592720746994019
2 8.337038516998291
0 8.781832218170166
2 8.354619979858398
2 8.672037601470947
0 8.2839834690094
0 8.485276222229004
0 8.270205020904541
0 8.33137059211731
2 8.511005401611328
2 8.467005968093872
0 8.232594728469849
0 8.266752243041992
0 8.470383405685425
0 8.477359056472778
2 8.334419965744019
2 8.527390003204346
2 8.648285627365112
2 8.538108587265015
0 8.538588762283325
0 8.376230001449585
2 8.423405408859253
0 8.289745330810547
0 8.30797004699707
0 8.389958381652832
0 8.695774793624878
2 8.335687160491943
0 8.415349006652832
0 8.456756114959717
2 8.525972366333008
2 8.324456453323364
0 8.279656410217285
2 8.165135860443115
2 8.36747145652771