31 317.37707257270813
28 294.5752012729645
22 298.8211407661438
29 294.7873549461365
16 318.97394275665283
25 292.164826631546
26 330.080881357193
20 311.9540321826935
25 318.5709729194641
18 320.2915577888489
26 293.76837706565857
22 308.79300260543823
26 303.5566987991333
29 306.01007556915283
28 298.30424094200134
28 298.3328425884247
16 286.6827504634857
28 293.45316195487976
18 317.94674730300903
22 273.89748764038086
25 307.22105383872986
37 286.369172334671
29 290.1051433086395
29 293.5228145122528
26 298.78670048713684
28 274.7291340827942
32 293.0164158344269
34 304.48663330078125
28 299.6568555831909
26 303.90807843208313
26 316.74091148376465
22 307.0846800804138
25 287.440908908844
26 291.44849920272827
20 282.7674505710602
20 328.7995128631592
22 297.8831408023834
28 305.51926946640015
28 318.1828725337982
28 316.5933575630188
20 296.22923254966736
25 292.15597462654114
22 305.1344749927521
44 281.55206322669983
16 300.396564245224
25 287.3728942871094
25 270.65401005744934
22 313.7953495979309
20 287.1493933200836
25 295.5528540611267
28 311.50649070739746
16 318.4414987564087
28 306.13408732414246
22 293.23991799354553
46 296.98644280433655
32 312.1597275733948
22 301.91911458969116
36 309.47745752334595
38 309.98741340637207
26 299.894868850708
20 309.250483751297
34 301.86768221855164
20 301.6251132488251
19 277.2860221862793
25 283.4402029514313
22 295.5924246311188
26 297.69508361816406
20 289.72761821746826
25 293.74162316322327
37 288.5300381183624
25 291.9555242061615
22 280.7774398326874
37 298.6283314228058
29 303.5145330429077
25 294.71324610710144
32 287.8199214935303
25 308.98736238479614
29 278.31786012649536
29 298.6934766769409
22 268.0415003299713
29 291.0599386692047
26 299.4761703014374
16 285.14048624038696
25 287.141893863678
20 271.89578080177307
25 301.1544303894043
28 300.4829812049866
26 288.2477583885193
40 289.47114992141724
28 309.1152811050415
28 287.94017720222473
20 296.4305624961853
26 290.5752992630005
20 285.78617882728577
31 313.9165573120117
20 279.1852009296417
34 317.1827790737152
20 275.9096577167511
16 289.06958770751953
26 301.9575364589691