4 12.463882446289062
4 11.28956389427185
4 12.563575267791748
8 12.376261949539185
4 11.721817255020142
5 12.177161693572998
4 12.240959882736206
4 12.44464373588562
4 11.18028974533081
4 11.80101490020752
4 11.86931848526001
5 12.529042720794678
4 11.868915796279907
4 11.734855651855469
4 14.8503258228302
4 11.864583969116211
5 13.135090589523315
6 13.472749471664429
5 11.333006620407104
4 12.263054609298706
4 12.252895593643188
5 12.462475776672363
4 12.29823088645935
4 11.274691581726074
4 11.438222169876099
4 12.573108673095703
4 12.457969665527344
4 11.881268978118896
5 12.813978433609009
4 10.960914611816406
8 13.319282293319702
4 12.386018514633179
2 11.792892932891846
5 12.095226526260376
8 11.076389074325562
8 12.306205987930298
8 12.221888542175293
8 12.21418809890747
4 12.57973051071167
5 13.335610151290894
4 11.653610706329346
8 12.965554237365723
5 12.94841718673706
4 12.165367841720581
4 12.004836559295654
5 16.093895196914673
5 12.895245790481567
4 12.054527282714844
4 12.141573905944824
5 13.09024953842163
4 11.882230520248413
4 11.475986003875732
4 12.966434478759766
5 11.094126224517822
5 12.525095224380493
8 13.003812313079834
4 12.557140350341797
4 12.388879299163818
8 13.092739343643188
5 12.313908576965332
5 11.300042867660522
5 12.539164781570435
7 11.827037811279297
8 11.729310989379883
8 11.704576253890991
4 12.374388933181763
4 12.087133407592773
4 12.194222211837769
4 11.833506107330322
4 12.035884141921997
4 12.388329267501831
8 12.92529559135437
5 12.21701455116272
7 12.737755537033081
4 12.099272966384888
5 13.29723858833313
5 11.751696348190308
5 12.35892105102539
9 11.815368413925171
7 13.166298627853394
4 12.086373329162598
5 10.983714580535889
5 12.437302112579346
5 12.14340877532959
2 12.918093204498291
5 12.572594404220581
8 11.595126152038574
5 12.24867057800293
8 13.49018406867981
8 12.71181583404541
4 12.214061737060547
8 14.187392711639404
4 12.55800485610962
5 11.353337049484253
5 12.312345266342163
7 11.475843906402588
5 12.083778142929077
4 13.259392738342285
4 12.574768781661987
5 12.006152153015137