8 21.074116468429565
8 43.78028416633606
4 21.093383073806763
9 27.674386501312256
8 19.981890201568604
4 23.11488389968872
8 18.45730948448181
8 33.77751088142395
5 19.231433153152466
5 24.97017550468445
5 21.886451482772827
5 19.337905406951904
5 25.355138063430786
5 25.025633811950684
8 22.602497816085815
5 28.53481125831604
8 19.317735195159912
5 24.20791268348694
4 23.207730293273926
8 24.13970446586609
5 23.1649010181427
4 22.601458072662354
20 25.954746961593628
5 19.76835799217224
8 25.964614391326904
5 17.59878420829773
8 25.354952335357666
8 25.721553087234497
4 28.558330297470093
5 20.29110050201416
4 20.74523138999939
8 21.422598361968994
4 18.763255834579468
5 19.53341555595398
9 20.357033014297485
8 23.437336921691895
8 20.376840114593506
4 22.367269277572632
5 25.912201166152954
8 23.663084268569946
8 26.246618270874023
9 20.560569286346436
5 22.755182027816772
8 18.899576425552368
5 19.661997318267822
4 27.777508974075317
10 27.215951681137085
5 27.922013521194458
4 33.16189646720886
5 20.16244888305664
5 20.682409524917603
8 25.372093439102173
5 19.597920894622803
4 19.773963689804077
8 20.512483596801758
5 21.036160469055176
7 22.70283007621765
4 31.744930267333984
8 29.756460428237915
10 20.499335289001465
8 23.30683445930481
5 27.04655623435974
8 24.37661838531494
4 23.74415111541748
5 25.528228759765625
9 20.81875205039978
5 19.690346002578735
9 24.826555013656616
9 27.304118156433105
9 16.731308698654175
5 19.173779487609863
4 23.455106258392334
5 17.736927032470703
5 34.91210913658142
8 22.315709114074707
5 22.806464910507202
8 17.874902486801147
8 22.152636528015137
10 20.677199363708496
4 26.91152834892273
5 26.60410237312317
8 28.21702527999878
5 35.53505086898804
8 20.31259846687317
5 21.905742406845093
5 23.108576774597168
5 23.31779146194458
5 26.132779598236084
13 23.302831649780273
8 23.873562574386597
5 19.757562398910522
8 19.787925481796265
5 19.850319623947144
4 18.344412088394165
8 20.080970287322998
8 19.687002658843994
8 23.55548906326294
8 24.497957468032837
5 29.255764961242676
5 19.82584857940674