8 195.74121117591858
9 190.94266819953918
10 194.41387367248535
10 194.99000334739685
10 191.28611993789673
9 194.21843552589417
10 193.49585270881653
8 193.15183544158936
8 190.77364778518677
10 192.22302269935608
10 192.56635570526123
13 194.01786851882935
10 191.49903988838196
10 190.67382287979126
10 198.13734769821167
8 190.73153138160706
10 197.30673360824585
14 198.47159886360168
8 189.83628845214844
8 192.59874176979065
10 195.22261142730713
14 195.935533285141
8 193.10263466835022
10 191.86562323570251
13 192.13019585609436
14 195.6663796901703
16 195.36114168167114
14 190.36702370643616
10 196.11475372314453
9 191.69378638267517
10 197.10149025917053
10 191.07897233963013
8 190.17388677597046
8 193.4575595855713
9 189.54197359085083
14 197.67365193367004
10 194.20017957687378
9 193.30953741073608
10 193.67368626594543
10 193.8556625843048
10 193.88357973098755
10 196.2522578239441
8 194.52359771728516
9 195.5122935771942
9 196.56569600105286
10 196.85751032829285
10 200.72766852378845
10 195.26128602027893
8 194.78664588928223
9 192.9591748714447
10 194.29408049583435
10 191.25621509552002
8 194.42780232429504
10 190.92272758483887
10 193.004540681839
8 197.1781051158905
10 196.1104462146759
13 192.97332763671875
10 194.0171627998352
10 192.10951280593872
10 193.3406925201416
10 194.2828176021576
8 192.07954621315002
10 191.67800116539001
10 193.0809223651886
10 196.12434935569763
10 198.13862204551697
10 193.6164848804474
8 191.8756504058838
13 195.25139951705933
8 195.0090789794922
14 195.29807591438293
10 196.6508331298828
9 197.0291063785553
10 195.3874351978302
10 196.3533911705017
10 195.8654534816742
10 194.90593338012695
10 194.80540442466736
10 195.69336700439453
10 193.63058280944824
9 192.79118180274963
10 193.42426562309265
8 191.57733392715454
10 195.7957992553711
10 193.50162196159363
8 194.2401692867279
10 194.21625089645386
10 195.47321820259094
9 194.67044520378113
10 194.51390290260315
14 197.99422669410706
10 196.59253001213074
10 191.50520515441895
8 194.32885265350342
8 192.72433137893677
8 194.12712693214417
10 197.09351062774658
10 199.26217031478882
9 196.42984700202942