28 313.5172760486603
25 306.81611585617065
26 305.53491973876953
28 321.46797609329224
38 301.16548132896423
28 314.8468244075775
22 309.1160113811493
34 304.3002827167511
22 287.4937262535095
20 295.48444294929504
20 297.944801568985
22 302.8871862888336
32 298.3292145729065
25 296.67142248153687
22 295.79877853393555
22 292.5024230480194
22 322.9434115886688
26 309.15639209747314
32 294.0043566226959
29 288.53806257247925
26 311.8836770057678
34 287.3977198600769
22 308.7075402736664
22 292.93898725509644
25 285.62062311172485
25 294.0566668510437
25 300.64226722717285
20 299.3334081172943
25 317.966659784317
26 320.21150946617126
22 293.2236421108246
34 314.6038317680359
25 306.25958466529846
25 307.8665418624878
28 299.846223115921
34 308.9365875720978
28 313.1675055027008
28 302.6485855579376
38 298.7080466747284
20 297.5561797618866
31 308.78199529647827
22 283.24706506729126
22 295.1214473247528
28 304.0657696723938
30 299.54398584365845
22 290.1487581729889
22 299.08296036720276
28 332.1515738964081
20 293.792356967926
34 330.7382733821869
28 297.262859582901
22 299.628378868103
41 284.21121311187744
26 287.91085720062256
20 292.80810022354126
29 307.5488131046295
28 298.57667541503906
30 298.2539231777191
22 288.2678472995758
22 296.3308742046356
28 330.2010688781738
20 292.1204195022583
34 328.4516062736511
28 296.53474950790405
22 296.71384048461914
41 281.3349609375
26 286.08932304382324
20 289.5598385334015
29 303.38627648353577
29 299.9637107849121
36 286.78114652633667
26 282.89409852027893
28 324.29773592948914
32 323.1161296367645
28 297.96823358535767
22 287.14443588256836
34 291.9807343482971
26 291.68508672714233
28 300.99777841567993
26 304.41984701156616
22 313.34749579429626
22 296.4223802089691
25 285.0198640823364
22 308.33415508270264
22 297.8343789577484
26 299.18695163726807
20 312.09726905822754
22 289.7384989261627
25 298.33805537223816
28 313.80977869033813
28 315.9775080680847
22 310.93473196029663
28 292.886212348938
28 305.35350155830383
22 306.20039081573486
22 309.2189645767212
28 309.43631315231323
32 307.8947570323944
26 306.45165967941284
34 309.5956048965454