13 240.69392561912537
16 253.83267641067505
20 254.95136165618896
22 262.8801198005676
16 250.6796169281006
20 255.33061051368713
16 249.49780130386353
16 243.83297729492188
16 256.62635111808777
18 253.103910446167
16 253.0668704509735
20 255.45096945762634
16 253.6033673286438
18 250.26830315589905
16 252.68874430656433
16 244.73397541046143
16 241.41690587997437
20 257.5192983150482
14 241.0900683403015
20 251.6066436767578
16 243.72033786773682
14 253.15887808799744
16 249.8998851776123
26 255.41648864746094
16 247.22805523872375
20 243.47022938728333
21 247.61322474479675
20 247.4492473602295
16 259.1916182041168
18 242.15240263938904
14 251.81766176223755
16 265.5744709968567
16 255.5513846874237
20 245.85879397392273
16 261.83488392829895
16 240.32457399368286
20 248.5704381465912
16 255.9301242828369
20 252.1594808101654
16 246.64916133880615
20 265.6812393665314
25 253.84498810768127
16 250.52570223808289
20 255.56599044799805
16 249.64011359214783
22 259.77662324905396
22 243.62762999534607
20 255.1506552696228
20 258.51156210899353
16 251.9469223022461
22 257.3387203216553
18 245.7199935913086
16 249.22983932495117
20 252.9706335067749
22 253.04049491882324
18 254.92366647720337
16 254.8971016407013
16 250.48981356620789
16 243.17910408973694
15 245.66599297523499
20 251.88281154632568
14 240.27703833580017
20 243.28379082679749
16 252.71096301078796
18 260.81462717056274
16 260.8550069332123
20 263.94102454185486
22 267.8387641906738
18 256.9104082584381
14 254.72757720947266
16 256.5188376903534
16 260.1800072193146
16 262.3916311264038
20 262.4739615917206
16 259.12317180633545
20 248.48622298240662
14 251.21880722045898
22 247.95944476127625
16 264.05348014831543
16 268.01352620124817
16 255.52370047569275
20 261.8815839290619
20 256.37521529197693
22 258.4585862159729
16 245.62858939170837
16 246.96617531776428
16 257.930451631546
22 257.5259041786194
20 258.49810767173767
20 261.26159167289734
16 242.56485199928284
16 252.5598430633545
16 256.6337158679962
16 255.03906726837158
14 251.3121886253357
20 250.4665641784668
18 248.43582391738892
22 274.56338334083557
18 257.1288640499115
20 256.88026118278503