70 895.90589427948
70 818.9741933345795
100 827.2872755527496
80 825.5017857551575
76 878.8925633430481
62 874.6361410617828
76 867.0976340770721
88 1053.3522737026215
74 926.6743457317352
94 808.7641112804413
76 975.2097392082214
74 939.6408302783966
74 794.7481791973114
98 862.096027135849
92 808.2583389282227
80 936.8505399227142
88 897.9475173950195
111 854.7311403751373
68 952.9020154476166
70 854.3998672962189
57 841.0966670513153
76 701.714152097702
104 820.8558430671692
80 850.0638883113861
88 805.8646895885468
86 729.4180526733398
64 753.3815531730652
58 711.8335886001587
85 905.8008015155792
58 653.270435333252
88 935.0873029232025
70 723.0797383785248
98 886.8113174438477
80 658.7078309059143
92 889.1720743179321
70 843.2201642990112
77 953.3515198230743
76 854.5520815849304
77 808.3440027236938
73 768.4748678207397
112 887.8309824466705
118 962.5191276073456
76 777.5927300453186
64 721.0374209880829
74 863.9449412822723
80 901.380439043045
73 792.6753678321838
73 781.6476974487305
70 780.744598865509
88 861.339955329895
80 858.9951863288879
88 842.3404252529144
88 926.3774194717407
70 1051.4113912582397
80 814.897970199585
76 885.0037438869476
64 936.8792707920074
88 913.9414851665497
64 910.9650118350983
70 854.9612200260162
89 840.8279206752777
64 865.8851983547211
99 864.2766449451447
68 764.8936030864716
58 842.6334478855133
70 875.8250463008881
77 840.102264881134
87 899.1436796188354
80 944.0727033615112
64 778.2335035800934
61 802.2253386974335
116 837.089682340622
80 959.2414982318878
76 961.6765329837799
77 887.1909501552582
68 786.1709866523743
67 851.4979782104492
92 714.6450328826904
122 756.875926733017
76 666.8389520645142
94 771.9744923114777
74 720.1727435588837
68 711.4742388725281
80 732.5391459465027
80 760.9254732131958
68 770.8709301948547
94 796.9462878704071
76 778.5777609348297
56 632.1226396560669
88 763.7178618907928
61 667.1054077148438
73 686.4524645805359
88 759.745769739151
68 720.8928408622742
80 789.5780324935913
89 728.6600618362427
76 852.3224353790283
58 771.849212884903
77 682.8214383125305
92 801.7179691791534