4 164.83169031143188
4 163.55936431884766
4 166.29207849502563
3 164.08092999458313
2 165.176167011261
4 163.60197377204895
2 166.53538846969604
4 162.8722047805786
2 164.27846002578735
2 164.2474730014801
4 163.23244786262512
4 162.98740363121033
4 163.23211336135864
4 165.3866491317749
4 164.83708024024963
4 165.52960419654846
4 164.55450963974
2 164.08969569206238
4 164.55210185050964
4 165.4623498916626
3 163.380961894989
4 163.61447191238403
4 163.29369068145752
4 162.45536160469055
4 162.84869050979614
4 164.01831364631653
4 163.9754023551941
4 162.16610074043274
4 165.89855766296387
4 163.1240086555481
2 162.90610909461975
2 163.47214365005493
4 163.53425550460815
4 163.49735689163208
4 165.42133450508118
4 163.4505331516266
4 162.51612424850464
4 163.61012506484985
2 164.74305295944214
4 164.3598771095276
2 163.55438709259033
4 164.00003266334534
4 163.50636863708496
2 163.8317105770111
4 163.40577340126038
4 163.43839120864868
4 164.15888023376465
4 164.8160524368286
4 165.99135541915894
2 164.23611164093018
4 163.65646195411682
4 164.40186715126038
4 162.1711995601654
2 163.73517107963562
4 164.1064054965973
4 162.91779375076294
4 162.89873266220093
4 163.3900272846222
2 163.082453250885
2 163.7343955039978
4 163.59754419326782
4 164.92801070213318
4 163.7154507637024
2 164.2715299129486
2 164.0530927181244
4 163.42982268333435
2 163.5555682182312
4 163.9381275177002
4 164.03834128379822
4 164.3713777065277
4 163.2784707546234
4 163.69041919708252
4 164.50189018249512
2 162.54752659797668
4 163.0438370704651
4 164.0779378414154
2 164.00210785865784
4 163.38956332206726
4 164.30086159706116
4 163.98361492156982
4 164.68167090415955
4 163.66031193733215
4 163.6509325504303
4 163.8755292892456
4 164.89213395118713
4 164.2667589187622
4 165.27551984786987
4 163.34641337394714
4 165.5012309551239
2 163.12264943122864
2 164.29768538475037
2 164.56115913391113
4 164.02418446540833
2 164.82215571403503
4 164.16723823547363
4 165.27928161621094
4 164.2414035797119
4 163.82012295722961
3 163.81390070915222
4 166.21350383758545