5 168.19134306907654
4 170.26514983177185
5 171.4951629638672
5 167.07735395431519
5 167.38241314888
5 169.37416291236877
5 170.0124533176422
5 167.9492838382721
5 167.80658984184265
4 166.2530119419098
5 168.1092610359192
4 169.63177609443665
4 167.92277812957764
5 168.0567216873169
5 168.19527769088745
5 167.48832368850708
8 168.14122796058655
5 167.85424327850342
5 171.37113690376282
5 169.61368775367737
4 167.36296558380127
4 167.14535474777222
5 168.1510922908783
5 169.92372250556946
4 170.42239046096802
4 169.48628950119019
5 169.67797446250916
5 168.5590479373932
4 168.9338104724884
4 169.49768781661987
8 169.6812903881073
5 167.81431555747986
4 169.37968492507935
4 168.0762915611267
5 169.35297846794128
8 166.76352381706238
5 168.61813187599182
5 168.19555926322937
4 167.84013724327087
5 168.6073088645935
5 168.1159269809723
8 168.90219688415527
5 166.88896656036377
5 166.75486969947815
4 167.55275702476501
6 169.2476291656494
5 168.6224136352539
5 167.30282306671143
5 168.9538893699646
5 168.90285658836365
5 168.58971214294434
4 169.49489188194275
5 170.49650645256042
5 169.8631191253662
5 170.17425680160522
4 169.745135307312
5 167.11970019340515
5 168.71158075332642
5 169.14815211296082
5 169.4717516899109
4 168.74135637283325
5 168.65294480323792
5 167.84401059150696
4 167.8909993171692
5 169.56848692893982
4 168.1763460636139
5 166.9191882610321
4 169.61670088768005
4 167.02159786224365
4 168.86040139198303
5 167.78971242904663
5 169.89729356765747
5 169.85404920578003
5 167.35585689544678
5 167.71702098846436
5 171.30501294136047
5 170.27327346801758
5 168.39496564865112
5 172.53536200523376
4 168.5734920501709
4 169.45183658599854
5 168.11549186706543
8 167.97678327560425
5 168.71425318717957
4 169.66556930541992
5 169.938330411911
5 169.0174458026886
5 168.32165479660034
5 169.54150891304016
4 167.03886222839355
8 168.35205674171448
4 168.37667989730835
5 168.55915093421936
5 166.47099781036377
4 167.5745668411255
4 167.78262495994568
5 169.50599575042725
4 168.11889815330505
5 169.56914234161377
5 169.43018341064453