10 176.28942608833313
5 179.4252541065216
8 177.23175311088562
8 175.62038111686707
8 176.65891432762146
8 177.20415592193604
8 173.23921942710876
5 177.89482951164246
8 177.23432540893555
8 181.58441472053528
8 174.68613195419312
8 174.37658643722534
8 174.46681427955627
8 178.1974494457245
5 176.19307208061218
8 178.66626405715942
8 177.73163890838623
8 177.71117162704468
8 178.93171787261963
5 178.6043577194214
5 178.5530149936676
8 177.7823565006256
5 179.25039958953857
8 178.86540937423706
5 174.82861351966858
8 177.5503351688385
8 180.37628030776978
8 176.91843795776367
8 176.55285358428955
5 175.71365404129028
5 178.2632601261139
5 177.27624797821045
8 175.7071499824524
5 178.56181025505066
8 175.87661170959473
8 180.18989157676697
8 179.46519303321838
5 173.72563457489014
5 176.28230476379395
10 178.59508323669434
8 178.41954898834229
8 177.14096355438232
8 178.85615348815918
8 178.6596863269806
7 180.7906093597412
8 175.5616900920868
8 175.51346015930176
5 177.47961282730103
8 175.95852398872375
5 175.92870545387268
8 176.62521386146545
8 176.2675175666809
5 179.16262936592102
9 178.6666808128357
8 177.7737488746643
8 176.00586938858032
5 178.22105193138123
8 178.69868540763855
9 176.87398982048035
8 176.2925889492035
8 178.3629331588745
5 175.95691061019897
8 177.3756182193756
8 177.82896947860718
8 176.82989025115967
10 176.67458868026733
8 176.63834524154663
8 175.87432980537415
8 177.14406728744507
8 179.0896282196045
8 177.6691689491272
9 177.05882048606873
8 176.82665872573853
8 178.27495288848877
5 176.784437417984
8 179.7447006702423
5 178.22747659683228
8 178.1230673789978
8 176.25935173034668
5 178.01445770263672
5 179.5443880558014
8 175.8663489818573
9 175.45541548728943
5 177.47333025932312
5 175.78804564476013
8 178.018807888031
8 178.94168829917908
8 177.92431640625
8 180.26380038261414
5 175.90646386146545
8 178.1562511920929
8 178.91821908950806
5 176.51443004608154
5 175.01064801216125
10 181.4648027420044
8 177.1564679145813
8 177.69008326530457
8 178.34165620803833
10 177.41815876960754
8 178.60453844070435