40 430.4454894065857
32 381.3953375816345
32 390.59098982810974
53 388.03756070137024
34 393.9534184932709
45 406.9487569332123
52 450.68287539482117
37 417.7376506328583
44 404.5790193080902
34 403.0564467906952
46 401.96343636512756
44 407.2635934352875
38 393.872759103775
46 410.8089771270752
45 411.48703622817993
50 397.77470660209656
37 387.4040973186493
37 408.7731788158417
34 413.44122409820557
38 395.81107664108276
44 381.842303276062
38 378.9369945526123
45 355.7713289260864
58 378.6343011856079
38 352.9568393230438
41 397.06644892692566
40 396.1256425380707
36 404.27930092811584
44 384.3663327693939
32 383.94807529449463
32 420.7330117225647
36 369.24837160110474
41 388.99278473854065
37 381.4796016216278
44 352.82355666160583
37 406.4843397140503
40 393.97727727890015
46 381.9096119403839
46 415.85033679008484
50 409.971581697464
46 405.5025463104248
37 406.8713300228119
36 414.56074357032776
64 369.5282471179962
45 386.8866956233978
34 374.67134404182434
32 388.3460536003113
45 419.0351240634918
32 386.5076446533203
36 401.00190353393555
38 413.0347731113434
34 389.9664158821106
34 385.4473121166229
34 379.3526315689087
46 395.6027419567108
44 434.1332862377167
34 392.23816418647766
46 445.1821608543396
57 426.265114068985
44 409.25698828697205
52 439.5276439189911
38 429.3060631752014
34 399.7337267398834
32 381.39697194099426
38 362.08905506134033
34 379.6890528202057
34 391.0292136669159
34 401.50170135498047
40 362.35855174064636
58 392.5567684173584
46 384.2831778526306
37 369.2664670944214
40 399.2400553226471
32 404.80164527893066
28 381.2740967273712
44 430.4399166107178
37 391.87084794044495
37 370.2069160938263
34 369.4365003108978
53 351.82250928878784
44 359.08356523513794
44 376.2646210193634
38 368.8000633716583
44 382.7506949901581
37 369.48527693748474
38 409.97557282447815
44 400.76237440109253
29 368.93345880508423
46 391.9523253440857
32 396.2495412826538
34 421.45433497428894
34 408.63055062294006
34 376.16872000694275
34 384.53965163230896
44 405.2401704788208
34 384.3074839115143
56 472.6317231655121
38 415.49127101898193
29 400.8856613636017
32 380.59141087532043