13 202.92996859550476
16 208.9622504711151
13 199.68704915046692
14 199.80951857566833
16 209.9109058380127
16 203.0821888446808
14 197.43232536315918
14 202.7241222858429
14 196.84743976593018
16 203.7679705619812
10 194.18917107582092
10 198.57217073440552
12 198.60813522338867
10 201.67637300491333
16 199.23071765899658
13 201.31441521644592
16 196.67020344734192
16 200.00453329086304
13 200.78582310676575
16 204.28590488433838
10 198.56536531448364
16 204.20184588432312
22 201.36197543144226
10 197.8334674835205
14 197.80337595939636
13 197.22018790245056
13 195.94213271141052
13 200.67862796783447
13 199.09151148796082
10 201.5747573375702
10 197.57896041870117
10 206.76720094680786
10 201.62225580215454
13 200.8962631225586
14 209.8302195072174
13 205.60032486915588
13 199.5320541858673
14 201.4601354598999
14 207.96388506889343
14 197.77576756477356
10 207.3447527885437
13 197.06389164924622
10 202.01743817329407
14 198.95245170593262
13 207.04022240638733
13 204.9180507659912
13 205.4919946193695
13 198.43008542060852
10 203.315283536911
10 199.36038899421692
16 202.34186625480652
16 201.87427139282227
16 200.11185312271118
14 197.10232281684875
13 200.3403058052063
10 200.4745922088623
21 198.5769386291504
14 200.44154119491577
10 200.69792675971985
13 198.79698419570923
16 198.19718647003174
10 198.73376631736755
10 200.11050391197205
13 204.79171538352966
10 201.11914896965027
13 196.98163747787476
16 194.4733943939209
13 203.6436061859131
16 201.125661611557
13 196.60517072677612
10 196.9900553226471
13 204.3862428665161
10 206.97492098808289
16 210.81665015220642
13 206.63882422447205
14 204.13772869110107
10 205.13781642913818
13 200.81791496276855
14 205.91276741027832
14 204.781574010849
14 202.59944486618042
13 210.04016661643982
10 208.9172658920288
16 199.96357417106628
10 206.72159051895142
10 205.28702521324158
14 207.429940700531
14 206.68570017814636
13 208.20843648910522
10 205.44714951515198
10 198.51731514930725
16 206.15522742271423
10 200.13784003257751
16 199.30806684494019
14 199.56180000305176
16 207.23633909225464
10 203.92683005332947
13 199.4153757095337
13 212.47129940986633
13 202.38014221191406